##Read in data from Get_ARE_count_and_gff.txt
##Use manually curated data from 
##SexbiasHuman.csv: Sex-bias genes (Supplemental 1) in humans from Guo et al. 2018: Identification and analysis of the human sex-biased genes
##3762Table1.csv: Androgen Responsive genes (Supporting Table 1) in LNCaP adenocarcinoma cell line.    Nelson et al. 2002: The program of androgen-responsive genes in neoplastic prostate epithelium
##LongSAGE_ARG.csv: LongSAGE ARG (Tables 5-8) in LNCaP cells. Romanuik et al. 2009: Identification of novel androgen-responsive genes by sequencing of LongSAGE libraries

##Read in hit locations

hshit<-read.csv("HShits.csv")

##Read in sex-biased gene list

sexbias<-read.csv("SexbiasHuman.csv")

##Find only male biased genes

sexbiasM<-sexbias[which(sexbias$sex.bias=="M"),]

##Read in human gff

hsgene<-read.csv("HS_gene.csv")

##Find genes from gff that are in males sex-biased list

malegff<-hsgene[which(hsgene$Name %in% sexbiasM$gene_symbol),]

##Read in Androgen Responsive Gene Lists
arelist1<-read.csv("3762Table1.csv")
arelist2<-read.csv("LongSAGE_ARG.csv")

##Find genes from gff that are Androgen Responsive and combine

aregff1<-hsgene[which(hsgene$Name %in% arelist1$GeneSymbol),]
aregff2<-hsgene[which(hsgene$Name %in% arelist2$Gene_Symbol),] 
aregff<-rbind(aregff1,aregff2)

##Generate a matching list of AREs to genes for male biased list and entire genome

mbiasmatch<-pairPeak(hshit,malegff,25000,10000)
allmatch<-pairPeak(hshit,hsgene,25000,10000)

##There are 1043 genes from male biased list. 
##Sample equal number of genes from full genome and determine how many AREs are present and how many genes have a proximal ARE
##Repeat 1000 times to get a distribution

randdraware1043<-c()
randdrawgene1043<-c()
for(i in 1:1000)
 {
 print(i)
 randi<-hsgene[sample(nrow(hsgene),1043),]
 matchrandi<-pairPeak(hshit,randi,25000,10000)
 proxi<-length(levels(droplevels(matchrandi$Gene)))
 randdrawgene1043<-c(randdrawgene1043,proxi)
 numpeaki<-length(matchrandi$Gene)
 randdraware1043<-c(randdraware1043,numpeaki)
 }
 
## # of Genes with at least one ARE nearby for each random sample
    
randdrawgene1043[order(randdrawgene1043)]
#   [1]  66  68  68  68  68  69  69  69  70  71  71  71  71  72  72  74  74  74
#  [19]  74  74  74  74  74  75  75  75  75  75  75  75  75  76  76  76  76  76
#  [37]  76  76  76  76  77  77  77  77  77  77  77  77  78  78  78  78  78  78
#  [55]  78  78  78  78  78  78  78  78  78  78  79  79  79  79  79  79  79  79
#  [73]  79  79  79  79  79  79  79  79  79  80  80  80  80  80  80  80  80  80
#  [91]  80  80  80  80  80  80  81  81  81  81  81  81  81  81  81  81  81  81
# [109]  81  81  81  82  82  82  82  82  82  82  82  82  82  82  82  82  82  82
# [127]  82  82  82  82  82  82  82  82  82  82  82  82  82  82  82  82  82  83
# [145]  83  83  83  83  83  83  83  83  83  83  83  83  83  83  83  83  83  83
# [163]  83  83  83  83  83  83  83  83  83  83  84  84  84  84  84  84  84  84
# [181]  84  84  84  84  84  84  84  84  84  84  84  84  84  84  84  84  84  85
# [199]  85  85  85  85  85  85  85  85  85  85  85  85  85  85  85  85  85  85
# [217]  85  85  85  85  85  85  85  85  85  85  85  85  85  85  86  86  86  86
# [235]  86  86  86  86  86  86  86  86  86  86  86  86  86  86  86  86  86  86
# [253]  86  86  86  86  86  87  87  87  87  87  87  87  87  87  87  87  87  87
# [271]  87  87  87  87  87  87  87  87  87  87  87  87  87  87  87  87  87  87
# [289]  87  87  87  87  87  87  87  87  88  88  88  88  88  88  88  88  88  88
# [307]  88  88  88  88  88  88  88  88  88  88  88  88  88  88  88  88  88  88
# [325]  88  88  88  88  88  88  88  88  88  88  88  88  88  89  89  89  89  89
# [343]  89  89  89  89  89  89  89  89  89  89  89  89  89  89  89  89  89  89
# [361]  89  89  89  89  89  89  90  90  90  90  90  90  90  90  90  90  90  90
# [379]  90  90  90  90  90  90  90  90  90  90  90  90  90  90  90  90  90  90
# [397]  90  90  90  90  90  90  90  90  90  90  90  90  90  90  91  91  91  91
# [415]  91  91  91  91  91  91  91  91  91  91  91  91  91  91  91  91  91  91
# [433]  91  91  91  91  91  91  91  91  91  91  92  92  92  92  92  92  92  92
# [451]  92  92  92  92  92  92  92  92  92  92  92  92  92  92  92  92  92  92
# [469]  92  92  92  92  92  92  92  92  92  92  92  92  92  92  92  92  92  92
# [487]  92  92  92  92  92  92  92  93  93  93  93  93  93  93  93  93  93  93
# [505]  93  93  93  93  93  93  93  93  93  93  93  93  93  93  93  93  93  93
# [523]  93  93  93  93  93  93  94  94  94  94  94  94  94  94  94  94  94  94
# [541]  94  94  94  94  94  94  94  94  94  94  94  94  94  94  94  94  94  94
# [559]  94  94  94  94  94  94  94  94  94  95  95  95  95  95  95  95  95  95
# [577]  95  95  95  95  95  95  95  95  95  95  95  95  95  95  95  95  95  95
# [595]  95  95  95  95  95  95  95  95  95  95  95  96  96  96  96  96  96  96
# [613]  96  96  96  96  96  96  96  96  96  96  96  96  96  96  96  96  96  96
# [631]  96  96  96  96  96  96  96  96  96  96  96  96  96  96  96  96  96  96
# [649]  96  96  97  97  97  97  97  97  97  97  97  97  97  97  97  97  97  97
# [667]  97  97  97  97  97  97  97  97  97  97  97  97  97  97  97  97  97  97
# [685]  97  97  97  97  97  97  97  97  97  97  98  98  98  98  98  98  98  98
# [703]  98  98  98  98  98  98  98  98  98  98  98  98  98  98  98  98  98  98
# [721]  98  98  98  98  98  98  98  98  98  99  99  99  99  99  99  99  99  99
# [739]  99  99  99  99  99  99  99  99  99  99  99  99  99  99  99  99  99  99
# [757]  99  99  99  99  99  99  99  99  99 100 100 100 100 100 100 100 100 100
# [775] 100 100 100 100 100 100 100 100 100 100 100 100 100 100 100 100 100 100
# [793] 100 100 100 100 100 100 100 101 101 101 101 101 101 101 101 101 101 101
# [811] 101 101 101 101 101 101 101 101 101 101 101 101 101 101 101 101 101 101
# [829] 101 101 101 102 102 102 102 102 102 102 102 102 102 102 102 102 102 102
# [847] 102 102 102 102 102 102 102 102 102 102 102 102 102 103 103 103 103 103
# [865] 103 103 103 103 103 103 103 103 103 103 103 103 103 103 103 103 103 103
# [883] 104 104 104 104 104 104 104 104 104 104 104 104 104 104 105 105 105 105
# [901] 105 105 105 105 105 105 105 105 105 105 105 105 105 105 105 105 105 105
# [919] 105 105 106 106 106 106 106 106 106 106 107 107 107 107 107 107 107 107
# [937] 107 107 107 107 107 107 107 107 107 107 108 108 108 108 108 108 108 108
# [955] 108 108 108 108 109 109 109 109 109 109 110 110 110 110 110 110 110 110
# [973] 110 110 111 111 111 111 111 111 111 112 112 112 112 112 112 112 113 113
# [991] 113 113 114 114 115 115 115 116 118 121

## Number of genes in male-biased set with at least one ARE nearby

length(levels(droplevels(mbiasmatch$Gene)))
[1] 101

##80th percentile

## Number of AREs in data set for each random sample

randdraware1043[order(randdraware1043)]
#   [1]  70  70  72  72  73  73  73  73  74  74  75  76  76  76  77  78  78  78
#  [19]  78  78  78  78  79  79  79  79  80  80  80  80  80  80  80  80  81  81
#  [37]  81  81  81  81  81  81  81  82  82  82  82  82  82  82  82  82  82  82
#  [55]  82  82  82  82  82  83  83  83  83  83  83  83  84  84  84  84  85  85
#  [73]  85  85  85  85  85  85  85  85  85  85  86  86  86  86  86  86  86  86
#  [91]  86  86  86  86  86  86  86  86  86  86  86  86  86  86  86  86  86  86
# [109]  86  86  87  87  87  87  87  87  87  87  87  87  87  87  87  87  87  87
# [127]  87  87  87  87  87  87  87  87  87  87  87  87  87  88  88  88  88  88
# [145]  88  88  88  88  88  88  88  88  88  88  88  88  88  88  88  88  88  88
# [163]  88  88  88  88  88  88  89  89  89  89  89  89  89  89  89  89  89  89
# [181]  89  89  89  89  89  89  89  89  89  89  89  89  89  89  90  90  90  90
# [199]  90  90  90  90  90  90  90  90  90  90  90  90  90  90  90  90  90  91
# [217]  91  91  91  91  91  91  91  91  91  91  91  91  91  91  91  91  91  91
# [235]  91  91  91  91  91  91  91  91  91  92  92  92  92  92  92  92  92  92
# [253]  92  92  92  92  92  92  92  92  92  92  92  92  92  92  92  92  92  92
# [271]  92  92  92  92  92  92  93  93  93  93  93  93  93  93  93  93  93  93
# [289]  93  93  93  93  93  93  93  93  93  93  93  93  93  94  94  94  94  94
# [307]  94  94  94  94  94  94  94  94  94  94  94  94  94  94  94  94  94  94
# [325]  94  94  94  94  94  94  94  94  94  94  94  95  95  95  95  95  95  95
# [343]  95  95  95  95  95  95  95  95  95  95  95  95  95  95  95  95  95  95
# [361]  95  95  95  95  95  95  95  95  95  95  95  95  95  95  95  95  95  95
# [379]  95  96  96  96  96  96  96  96  96  96  96  96  96  96  96  96  96  96
# [397]  96  96  96  96  96  96  96  96  96  96  96  96  96  96  96  96  96  96
# [415]  96  97  97  97  97  97  97  97  97  97  97  97  97  97  97  97  97  97
# [433]  97  97  97  97  97  97  97  97  97  97  97  97  97  97  97  97  97  97
# [451]  97  97  97  98  98  98  98  98  98  98  98  98  98  98  98  98  98  98
# [469]  98  98  98  98  98  98  98  98  98  98  98  98  98  98  98  98  98  99
# [487]  99  99  99  99  99  99  99  99  99  99  99  99  99  99  99  99  99  99
# [505]  99  99  99  99  99  99  99  99  99  99  99  99  99  99  99  99  99  99
# [523]  99 100 100 100 100 100 100 100 100 100 100 100 100 100 100 100 100 100
# [541] 100 100 100 100 100 100 100 100 100 100 100 100 100 100 100 100 100 100
# [559] 100 100 100 100 100 100 101 101 101 101 101 101 101 101 101 101 101 101
# [577] 101 101 101 101 101 101 101 101 101 101 101 101 101 101 101 101 101 101
# [595] 101 101 101 101 101 101 101 102 102 102 102 102 102 102 102 102 102 102
# [613] 102 102 102 102 102 102 102 102 102 102 102 102 102 102 102 102 102 102
# [631] 102 102 102 102 102 102 102 102 102 102 102 102 103 103 103 103 103 103
# [649] 103 103 103 103 103 103 103 103 103 103 103 103 103 103 103 103 103 103
# [667] 103 103 103 103 103 103 103 103 103 103 103 103 103 103 103 104 104 104
# [685] 104 104 104 104 104 104 104 104 104 104 104 104 104 104 104 104 104 104
# [703] 104 104 104 104 104 104 104 104 104 105 105 105 105 105 105 105 105 105
# [721] 105 105 105 105 105 105 105 105 105 105 105 105 105 105 105 105 105 105
# [739] 105 105 105 106 106 106 106 106 106 106 106 106 106 106 106 106 106 106
# [757] 106 106 106 106 106 106 107 107 107 107 107 107 107 107 107 107 107 107
# [775] 107 107 107 107 107 107 107 107 107 107 107 107 107 107 107 108 108 108
# [793] 108 108 108 108 108 108 108 108 108 108 108 108 108 108 108 108 108 108
# [811] 108 108 109 109 109 109 109 109 109 109 109 109 109 109 109 109 109 109
# [829] 109 109 109 109 109 109 109 109 109 109 109 109 110 110 110 110 110 110
# [847] 110 110 110 110 110 110 110 110 110 110 110 110 110 110 110 110 110 110
# [865] 110 110 110 110 110 110 111 111 111 111 111 111 111 111 111 111 111 111
# [883] 111 111 111 111 111 111 111 111 111 111 111 111 111 112 112 112 112 112
# [901] 112 112 112 112 112 112 112 112 113 113 113 113 113 113 113 113 114 114
# [919] 114 114 114 114 114 114 114 114 115 115 115 115 115 115 115 115 115 115
# [937] 115 115 116 116 116 116 116 116 116 116 116 116 116 117 117 117 117 117
# [955] 117 118 118 118 118 118 118 118 119 119 119 119 119 119 119 119 119 119
# [973] 119 120 120 120 120 120 120 120 120 120 120 121 121 121 121 121 121 122
# [991] 122 122 122 124 125 126 126 127 129 131

## Number of AREs in Male-biased set

length(mbiasmatch$Chr)
[1] 111

##87.1 percentile



##Androgen Response Analysis
##Done the same as Male-bias analysis

##Remove duplicate data

aregffdedup<-aregff[!duplicated(aregff$Name),]
androgene<-pairPeak(hshit,aregffdedup,25000,10000)
randdraware122<-c()
randdrawgene122<-c()
for(i in 1:1000)
 {
 print(i)
 randi<-hsgene[sample(nrow(hsgene),122),]
 matchrandi<-pairPeak(hshit,randi,25000,10000)
 proxi<-length(levels(droplevels(matchrandi$Gene)))
 randdrawgene122<-c(randdrawgene122,proxi)
 numpeaki<-length(matchrandi$Gene)
 randdraware122<-c(randdraware122,numpeaki)
 } 
randdrawgene122[order(randdrawgene122)]
#   [1]  1  3  4  4  4  4  4  4  4  4  4  4  5  5  5  5  5  5  5  5  5  5  5  5
#  [25]  5  5  6  6  6  6  6  6  6  6  6  6  6  6  6  6  6  6  6  6  6  6  6  6
#  [49]  6  6  6  6  6  6  6  6  6  6  6  6  6  6  6  6  6  7  7  7  7  7  7  7
#  [73]  7  7  7  7  7  7  7  7  7  7  7  7  7  7  7  7  7  7  7  7  7  7  7  7
#  [97]  7  7  7  7  7  7  7  7  7  7  7  7  7  7  7  7  7  7  7  7  7  7  7  7
# [121]  7  7  7  7  8  8  8  8  8  8  8  8  8  8  8  8  8  8  8  8  8  8  8  8
# [145]  8  8  8  8  8  8  8  8  8  8  8  8  8  8  8  8  8  8  8  8  8  8  8  8
# [169]  8  8  8  8  8  8  8  8  8  8  8  8  8  8  8  8  8  8  8  8  8  8  8  8
# [193]  8  8  8  8  8  8  8  8  8  8  8  8  8  8  8  8  8  8  8  8  8  8  9  9
# [217]  9  9  9  9  9  9  9  9  9  9  9  9  9  9  9  9  9  9  9  9  9  9  9  9
# [241]  9  9  9  9  9  9  9  9  9  9  9  9  9  9  9  9  9  9  9  9  9  9  9  9
# [265]  9  9  9  9  9  9  9  9  9  9  9  9  9  9  9  9  9  9  9  9  9  9  9  9
# [289]  9  9  9  9  9  9  9  9  9  9  9  9  9  9  9  9  9  9  9  9  9  9  9  9
# [313]  9  9  9  9  9  9  9  9  9  9  9  9  9  9  9  9 10 10 10 10 10 10 10 10
# [337] 10 10 10 10 10 10 10 10 10 10 10 10 10 10 10 10 10 10 10 10 10 10 10 10
# [361] 10 10 10 10 10 10 10 10 10 10 10 10 10 10 10 10 10 10 10 10 10 10 10 10
# [385] 10 10 10 10 10 10 10 10 10 10 10 10 10 10 10 10 10 10 10 10 10 10 10 10
# [409] 10 10 10 10 10 10 10 10 10 10 10 10 10 10 10 10 10 10 10 10 10 10 10 10
# [433] 10 10 10 10 10 10 10 10 10 10 10 10 10 10 10 10 10 10 10 10 10 10 10 11
# [457] 11 11 11 11 11 11 11 11 11 11 11 11 11 11 11 11 11 11 11 11 11 11 11 11
# [481] 11 11 11 11 11 11 11 11 11 11 11 11 11 11 11 11 11 11 11 11 11 11 11 11
# [505] 11 11 11 11 11 11 11 11 11 11 11 11 11 11 11 11 11 11 11 11 11 11 11 11
# [529] 11 11 11 11 11 11 11 11 11 11 11 11 11 11 11 11 11 11 11 11 11 11 11 11
# [553] 11 11 11 11 11 11 11 11 11 11 11 11 11 11 11 11 11 11 11 11 11 11 11 11
# [577] 11 11 11 11 11 11 11 11 11 11 12 12 12 12 12 12 12 12 12 12 12 12 12 12
# [601] 12 12 12 12 12 12 12 12 12 12 12 12 12 12 12 12 12 12 12 12 12 12 12 12
# [625] 12 12 12 12 12 12 12 12 12 12 12 12 12 12 12 12 12 12 12 12 12 12 12 12
# [649] 12 12 12 12 12 12 12 12 12 12 12 12 12 12 12 12 12 12 12 12 12 12 12 12
# [673] 12 12 12 12 12 12 12 12 12 12 12 12 12 12 12 12 12 12 12 12 12 12 12 12
# [697] 12 12 12 12 12 12 12 12 12 12 12 12 13 13 13 13 13 13 13 13 13 13 13 13
# [721] 13 13 13 13 13 13 13 13 13 13 13 13 13 13 13 13 13 13 13 13 13 13 13 13
# [745] 13 13 13 13 13 13 13 13 13 13 13 13 13 13 13 13 13 13 13 13 13 13 13 13
# [769] 13 13 13 13 13 13 13 13 13 13 13 13 13 13 13 13 13 13 13 13 13 13 13 13
# [793] 13 13 13 13 13 13 13 13 14 14 14 14 14 14 14 14 14 14 14 14 14 14 14 14
# [817] 14 14 14 14 14 14 14 14 14 14 14 14 14 14 14 14 14 14 14 14 14 14 14 14
# [841] 14 14 14 14 14 14 14 14 14 14 14 14 14 14 14 14 14 14 14 14 14 14 14 14
# [865] 14 14 14 14 14 14 15 15 15 15 15 15 15 15 15 15 15 15 15 15 15 15 15 15
# [889] 15 15 15 15 15 15 15 15 15 15 15 15 15 15 15 15 15 15 15 15 15 15 15 15
# [913] 15 15 15 15 15 15 15 16 16 16 16 16 16 16 16 16 16 16 16 16 16 16 16 16
# [937] 16 16 16 16 16 16 16 16 16 16 16 16 16 16 16 16 16 16 16 17 17 17 17 17
# [961] 17 17 17 17 17 17 17 17 17 17 17 17 17 17 18 18 18 18 18 18 18 18 18 18
# [985] 18 18 18 18 18 18 18 18 19 19 19 19 19 19 19 19

length(levels(droplevels(androgene$Gene)))
#[1] 18

##97.5 Percentile

randdraware122[order(randdraware122)]
#   [1]  1  4  4  4  4  4  4  5  5  5  5  5  5  5  5  5  5  5  5  5  5  5  5  6
#  [25]  6  6  6  6  6  6  6  6  6  6  6  6  6  6  6  6  6  6  6  6  6  6  6  6
#  [49]  6  6  6  7  7  7  7  7  7  7  7  7  7  7  7  7  7  7  7  7  7  7  7  7
#  [73]  7  7  7  7  7  7  7  7  7  7  7  7  7  7  7  7  7  7  7  7  7  7  7  7
#  [97]  7  7  7  7  7  7  7  7  8  8  8  8  8  8  8  8  8  8  8  8  8  8  8  8
# [121]  8  8  8  8  8  8  8  8  8  8  8  8  8  8  8  8  8  8  8  8  8  8  8  8
# [145]  8  8  8  8  8  8  8  8  8  8  8  8  8  8  8  8  8  8  8  8  8  8  8  8
# [169]  8  8  9  9  9  9  9  9  9  9  9  9  9  9  9  9  9  9  9  9  9  9  9  9
# [193]  9  9  9  9  9  9  9  9  9  9  9  9  9  9  9  9  9  9  9  9  9  9  9  9
# [217]  9  9  9  9  9  9  9  9  9  9  9  9  9  9  9  9  9  9  9  9  9  9  9  9
# [241]  9  9  9  9  9  9  9  9  9  9  9  9  9  9  9  9  9  9  9  9  9  9  9  9
# [265]  9 10 10 10 10 10 10 10 10 10 10 10 10 10 10 10 10 10 10 10 10 10 10 10
# [289] 10 10 10 10 10 10 10 10 10 10 10 10 10 10 10 10 10 10 10 10 10 10 10 10
# [313] 10 10 10 10 10 10 10 10 10 10 10 10 10 10 10 10 10 10 10 10 10 10 10 10
# [337] 10 10 10 10 10 10 10 10 10 10 10 10 10 10 10 10 10 10 10 10 10 10 10 10
# [361] 10 10 10 10 10 10 10 10 10 10 10 10 11 11 11 11 11 11 11 11 11 11 11 11
# [385] 11 11 11 11 11 11 11 11 11 11 11 11 11 11 11 11 11 11 11 11 11 11 11 11
# [409] 11 11 11 11 11 11 11 11 11 11 11 11 11 11 11 11 11 11 11 11 11 11 11 11
# [433] 11 11 11 11 11 11 11 11 11 11 11 11 11 11 11 11 11 11 11 11 11 11 11 11
# [457] 11 11 11 11 11 11 11 11 11 11 11 11 11 11 11 11 11 11 11 11 11 11 11 11
# [481] 11 11 11 11 11 11 11 11 11 11 11 11 11 11 11 11 11 11 11 11 11 11 11 11
# [505] 11 11 11 11 11 11 11 11 11 11 11 11 11 12 12 12 12 12 12 12 12 12 12 12
# [529] 12 12 12 12 12 12 12 12 12 12 12 12 12 12 12 12 12 12 12 12 12 12 12 12
# [553] 12 12 12 12 12 12 12 12 12 12 12 12 12 12 12 12 12 12 12 12 12 12 12 12
# [577] 12 12 12 12 12 12 12 12 12 12 12 12 12 12 12 12 12 12 12 12 12 12 12 12
# [601] 12 12 12 12 12 12 12 12 12 12 12 12 12 12 12 12 12 12 12 12 12 12 12 12
# [625] 13 13 13 13 13 13 13 13 13 13 13 13 13 13 13 13 13 13 13 13 13 13 13 13
# [649] 13 13 13 13 13 13 13 13 13 13 13 13 13 13 13 13 13 13 13 13 13 13 13 13
# [673] 13 13 13 13 13 13 13 13 13 13 13 13 13 13 13 13 13 13 13 13 13 13 13 13
# [697] 13 13 13 13 13 13 13 13 13 13 13 13 13 13 13 13 13 13 13 13 13 13 13 13
# [721] 13 13 14 14 14 14 14 14 14 14 14 14 14 14 14 14 14 14 14 14 14 14 14 14
# [745] 14 14 14 14 14 14 14 14 14 14 14 14 14 14 14 14 14 14 14 14 14 14 14 14
# [769] 14 14 14 14 14 14 14 14 14 14 14 14 14 14 14 14 14 14 14 14 14 14 14 14
# [793] 14 14 14 14 14 14 14 14 14 15 15 15 15 15 15 15 15 15 15 15 15 15 15 15
# [817] 15 15 15 15 15 15 15 15 15 15 15 15 15 15 15 15 15 15 15 15 15 15 15 15
# [841] 15 15 15 15 15 15 15 15 15 15 15 15 15 15 15 15 15 15 15 15 15 16 16 16
# [865] 16 16 16 16 16 16 16 16 16 16 16 16 16 16 16 16 16 16 16 16 16 16 16 16
# [889] 16 16 16 16 16 16 16 16 16 16 16 16 16 16 16 16 16 16 16 16 17 17 17 17
# [913] 17 17 17 17 17 17 17 17 17 17 17 17 17 17 17 17 17 17 17 17 17 17 17 17
# [937] 17 17 17 17 17 17 17 18 18 18 18 18 18 18 18 18 18 18 18 18 18 18 18 18
# [961] 18 18 18 18 18 18 18 18 18 18 19 19 19 19 19 19 19 19 19 19 19 19 19 19
# [985] 19 19 19 20 20 20 20 20 20 20 20 20 20 20 21 22
 
length(androgene$Gene)
#[1] 25
##100th percentile

##plot histograms

par(mfrow=c(2,2),mar=c(4,3.75,3.75,0))
hgenemb<-hist(randdrawgene1043,breaks=(3*c(22:41)),plot=FALSE)
hgenemb$density<-hgenemb$counts/sum(hgenemb$counts)*100
plot(hgenemb,freq=FALSE,xlim=c(66,123),main="# of Genes with Proximal ARE Out of 1,043 Genes", cex= 0.6, cex.main=0.8, ylab="Percentage",xlab="# of Genes", cex.lab = 0.7)
text(x=68,y=11.5,"A",cex=2,font =2)
Arrows(100.5,13,100.5,11,arr.type="triangle",lty=1,lwd=2)
polygon(x=c(99,102,102,99),y=c(0,0,9.4,9.4),col="black")
haremb<-hist(randdraware1043,breaks=(3*c(23:44)), plot=FALSE)
haremb$density<-haremb$counts/sum(haremb$counts)*100
plot(haremb,freq=FALSE,xlim=c(69,132),main="# of Proximal AREs in a Set of 1,043 Genes",cex = 0.6, cex.main=0.8, ylab="Percentage", xlab="# of AREs", cex.lab = 0.7)
text(x=70,y=11.5,"B",cex=2,font =2)
polygon(x=c(111,114,114,111),y=c(0,0,3.1,3.1),col="black")
Arrows(112.5,13,112.5,4.5,arr.type="triangle",lty=1,lwd=2)
hgenear<-hist(randdrawgene122,breaks=(c(1:20)), plot = FALSE)
hgenear$density<-hgenear$counts/sum(hgenear$counts)*100
plot(hgenear,freq=FALSE,xlim=c(1,20),main="# of Genes with Proximal ARE Out of 122 Genes",cex = 0.6, cex.main=0.8, ylab="Percentage",xlab="# of Genes", cex.lab = 0.7)
text(x=1.5,y=12,"C",cex=2,font =2)
Arrows(18.5,13,18.5,3,arr.type="triangle",lty=1,lwd=2)
polygon(x=c(18,19,19,18),y=c(0,0,0.8,0.8),col="black")
harear<-hist(randdraware122,breaks=(c(1:26)), plot = FALSE)
hgenear$density<-hgenear$counts/sum(hgenear$counts)*100
plot(hgenear,xlim=c(1,26),freq=FALSE,main="# of Proximal AREs in a Set of 122 Genes",cex = 0.6,cex.main=0.8, ylab = "Percentage", xlab= "# of AREs", cex.lab = 0.7)
Arrows(25.5,12,25.5,2,arr.type="triangle",lwd=2,lty=1)
text(x=1.5,y=12,"D",cex=2,font =2)

